   0.0000000e+00   4.8159597e-01   5.5520640e-01   5.6451554e-01   7.9917578e-01   7.1986124e-01   6.9080865e-01   6.6560886e-01   6.1922141e-01   5.3952836e-01   4.7332883e-01   4.4814187e-01   4.1982746e-01   4.8466001e-01   5.0174943e-01   5.1271651e-01   4.0827286e-01   4.2256487e-01   4.0889346e-01   4.3946022e-01   4.1202029e-01   4.0835956e-01   4.4805723e-01   4.9495477e-01   4.8946617e-01   4.8596561e-01   5.7243103e-01   5.8012906e-01   4.4949563e-01   4.1994336e-01   4.3804514e-01   4.8006484e-01   4.1163627e-01   4.9779417e-01   3.8725343e-01   4.1508554e-01   3.8612638e-01   2.9407587e-01   3.4539239e-01   4.3556430e-01   3.8939378e-01   4.3003887e-01   4.1523033e-01   4.0912650e-01   6.4666885e-01   4.1209891e-01   3.2552137e-01   4.0922201e-01   6.2834608e-01   6.1429434e-01   5.6994227e-01   5.1117463e-01   5.0369835e-01   5.2509508e-01   5.1650836e-01   5.0019210e-01   5.4086565e-01   4.7733351e-01   4.1940593e-01   3.3789641e-01   5.0341607e-01   5.3009918e-01   4.7441101e-01   4.9600988e-01   5.5683037e-01   5.3781533e-01   5.1206763e-01   4.9672507e-01   5.0254218e-01   4.2102678e-01   4.0959419e-01   3.8268789e-01   4.1190032e-01   4.6646669e-01   4.8729722e-01   4.9585430e-01   4.9363718e-01   4.7546733e-01   4.6468975e-01   5.2399262e-01   5.2522361e-01   4.9695269e-01   4.6609862e-01   5.1165096e-01   5.6329005e-01   5.8848217e-01   5.9339714e-01   5.9117246e-01   5.7938369e-01   5.6592586e-01   5.5124803e-01   4.1216360e-01   4.5061983e-01   4.8596724e-01   5.5772533e-01   4.7316186e-01   4.9496192e-01   4.4996640e-01   3.3233405e-01   4.2845040e-01   4.2094852e-01   3.6104122e-01   3.4264441e-01   4.7310240e-01   4.5530288e-01   5.3897076e-01   4.5454235e-01   4.7218410e-01   5.6354606e-01   5.5878986e-01   5.3969684e-01   4.8952128e-01   4.2267845e-01   4.0590518e-01   3.8830404e-01   3.0409777e-01   3.4461506e-01   3.8009103e-01   4.6147257e-01   5.3616660e-01   5.4844472e-01   5.4397084e-01   5.2980859e-01   5.0024584e-01   4.5425617e-01   3.9258921e-01   5.4403744e-01   5.5787391e-01   5.5868803e-01   5.6275558e-01   5.4880110e-01   5.5938339e-01   5.7972251e-01   5.8598137e-01   5.8581103e-01   5.8016554e-01   5.7257498e-01   5.6829606e-01   5.9319918e-01   5.9591279e-01   6.0065698e-01   6.0067369e-01   5.7918391e-01   5.3959775e-01   5.7448372e-01   5.8657151e-01   5.8306897e-01   5.7924475e-01   5.8462226e-01   5.7884920e-01   5.8962478e-01   5.8255230e-01   5.7719472e-01   5.5387533e-01   5.8771563e-01   5.7885746e-01   5.8630970e-01   5.9212465e-01   5.9749226e-01   5.9837570e-01   5.9368311e-01   5.8517985e-01
   4.8159597e-01   0.0000000e+00   7.8858467e-01   7.9902642e-01   4.9308713e-01   5.1311460e-01   5.5533922e-01   6.1244281e-01   6.2832499e-01   6.3262228e-01   6.3286095e-01   6.4478375e-01   4.0383771e-01   5.7478912e-01   5.9997671e-01   6.1340402e-01   3.9293705e-01   4.0427281e-01   4.2328007e-01   4.7987823e-01   4.6403705e-01   4.5852389e-01   5.3067997e-01   5.9062754e-01   4.9755569e-01   5.6018682e-01   6.5791456e-01   6.7365812e-01   4.7142600e-01   4.6401780e-01   4.8339617e-01   5.3370018e-01   4.7135424e-01   5.5742194e-01   4.4565667e-01   4.6978344e-01   4.3536342e-01   3.2361594e-01   3.8317313e-01   4.7377136e-01   4.3456695e-01   4.8961854e-01   4.6892043e-01   4.6026874e-01   5.8081126e-01   4.2441046e-01   3.4043038e-01   4.1568119e-01   5.5646626e-01   5.5086551e-01   5.1998294e-01   4.7745400e-01   4.8003990e-01   5.0556549e-01   5.0243431e-01   4.8937397e-01   4.9845193e-01   4.6781722e-01   4.2358571e-01   3.4999082e-01   4.5771099e-01   4.8165410e-01   4.4909640e-01   4.6498584e-01   5.1984731e-01   5.1129866e-01   4.9257542e-01   4.7852776e-01   5.3684355e-01   4.4511316e-01   4.3236456e-01   4.1095256e-01   4.3502973e-01   4.9166028e-01   5.0974556e-01   5.1134832e-01   5.0683968e-01   4.8715294e-01   4.7386942e-01   5.0476455e-01   5.2683943e-01   5.0098012e-01   4.7473380e-01   4.9716540e-01   5.5014649e-01   5.7261095e-01   5.7731525e-01   5.7523471e-01   5.6878827e-01   5.5948228e-01   5.4771969e-01   4.2871240e-01   4.7561767e-01   5.2016381e-01   6.3240390e-01   4.9036913e-01   5.0754284e-01   4.6342884e-01   3.5756881e-01   4.4170837e-01   4.3936706e-01   3.8784651e-01   3.6794674e-01   4.8769741e-01   4.8430631e-01   6.0910745e-01   4.7136936e-01   4.8585507e-01   5.6609034e-01   5.5806150e-01   5.4366707e-01   4.9602107e-01   4.3063428e-01   4.1980260e-01   3.9249710e-01   3.2835958e-01   3.7890068e-01   4.1036358e-01   4.6042153e-01   5.2354266e-01   5.3548769e-01   5.2686072e-01   5.1071840e-01   4.8299468e-01   4.3975256e-01   3.8608645e-01   5.7018889e-01   5.6886156e-01   5.6188141e-01   5.5761120e-01   5.8352703e-01   5.9016944e-01   6.0563164e-01   6.0743953e-01   6.0384378e-01   5.9522961e-01   5.8531980e-01   5.7990292e-01   6.1580344e-01   6.0236716e-01   6.0584648e-01   6.0498028e-01   6.0194965e-01   5.5580039e-01   5.9349855e-01   6.0815975e-01   6.0360701e-01   5.9938478e-01   6.0409179e-01   5.9323581e-01   6.1952154e-01   6.1952968e-01   6.1212768e-01   5.8395451e-01   6.1670551e-01   6.0844514e-01   6.1506556e-01   6.2240732e-01   6.3000556e-01   6.3174004e-01   6.2784087e-01   6.2127376e-01
   5.5520640e-01   7.8858467e-01   0.0000000e+00   9.7177572e-01   5.7803846e-01   6.0461669e-01   6.5733063e-01   7.3350261e-01   7.5706074e-01   7.4139302e-01   7.3345192e-01   7.4539357e-01   4.5413046e-01   6.7320876e-01   7.0550028e-01   7.1940940e-01   4.3873937e-01   4.6020975e-01   4.7367860e-01   5.4919995e-01   5.2672660e-01   5.2050402e-01   6.1734721e-01   6.9217529e-01   5.7719403e-01   6.5405577e-01   7.9136427e-01   8.0512713e-01   5.4878299e-01   5.1805582e-01   5.5740064e-01   6.2442105e-01   5.4367974e-01   6.5944018e-01   5.0494000e-01   5.3942221e-01   4.8712998e-01   3.4564755e-01   4.2398504e-01   5.4299143e-01   4.9187351e-01   5.5909423e-01   5.3012029e-01   5.1833188e-01   6.8944810e-01   4.8054990e-01   3.7414341e-01   4.7092136e-01   6.4733109e-01   6.3488924e-01   5.9788555e-01   5.5033657e-01   5.4369519e-01   5.7451425e-01   5.7227418e-01   5.5945261e-01   5.8166590e-01   5.3659235e-01   4.7914894e-01   3.8639133e-01   5.2715165e-01   5.6006620e-01   5.1664441e-01   5.3455620e-01   5.9840308e-01   5.8835855e-01   5.6234890e-01   5.5310809e-01   6.2369496e-01   5.0248822e-01   4.9192371e-01   4.6512968e-01   4.9470117e-01   5.6183683e-01   5.8439561e-01   5.8971539e-01   5.8143264e-01   5.5963718e-01   5.4241424e-01   5.8279409e-01   6.0751924e-01   5.7445257e-01   5.4749801e-01   5.6893093e-01   6.3497872e-01   6.6176822e-01   6.6925025e-01   6.7180717e-01   6.5714185e-01   6.4622473e-01   6.2957871e-01   4.8675907e-01   5.4500731e-01   6.0474818e-01   7.4999728e-01   5.5860352e-01   5.8049892e-01   5.3041535e-01   3.9109526e-01   5.0263284e-01   4.9784037e-01   4.3626658e-01   4.0486151e-01   5.6358293e-01   5.5652822e-01   7.2044198e-01   5.3708870e-01   5.5612947e-01   6.6006628e-01   6.5121797e-01   6.3240602e-01   5.7551407e-01   4.9935874e-01   4.8207609e-01   4.4488314e-01   3.5754282e-01   4.1279187e-01   4.5714406e-01   5.2588644e-01   6.0450167e-01   6.1113186e-01   6.0182555e-01   5.8295609e-01   5.4635519e-01   4.9382163e-01   4.2975930e-01   6.6056909e-01   6.5100626e-01   6.4742112e-01   6.5048292e-01   6.6821939e-01   6.7419914e-01   6.9808612e-01   7.0388251e-01   6.9902431e-01   6.8827455e-01   6.7490097e-01   6.6583130e-01   7.1859609e-01   7.0143889e-01   7.0771607e-01   7.0698678e-01   7.0144657e-01   6.4437762e-01   6.8954884e-01   7.0758776e-01   7.0235669e-01   6.9527662e-01   7.0095113e-01   6.8751116e-01   7.2289021e-01   7.2539623e-01   7.1676870e-01   6.7802215e-01   7.2001027e-01   7.0925878e-01   7.2114713e-01   7.2970596e-01   7.4024909e-01   7.4251255e-01   7.3849582e-01   7.2929799e-01
   5.6451554e-01   7.9902642e-01   9.7177572e-01   0.0000000e+00   5.9027414e-01   6.1303627e-01   6.6327530e-01   7.3364618e-01   7.4763457e-01   7.1872194e-01   6.9490134e-01   7.0154432e-01   4.5830008e-01   6.6678181e-01   7.0782923e-01   7.2523836e-01   4.4464870e-01   4.7310962e-01   4.8434323e-01   5.5194236e-01   5.3066408e-01   5.2481520e-01   6.2098833e-01   6.8441298e-01   5.9010059e-01   6.6591615e-01   8.1904984e-01   8.3597867e-01   5.5691780e-01   5.2880891e-01   5.6548903e-01   6.3070606e-01   5.5085158e-01   6.6391789e-01   5.1221229e-01   5.4390471e-01   4.9609425e-01   3.4912065e-01   4.3247052e-01   5.5238609e-01   5.0022524e-01   5.6614153e-01   5.3902087e-01   5.2960617e-01   6.9774792e-01   4.9619109e-01   3.8410263e-01   4.8727224e-01   6.6273387e-01   6.5261298e-01   6.1633380e-01   5.6781722e-01   5.6410294e-01   5.9658821e-01   5.9432003e-01   5.7988496e-01   5.9649018e-01   5.5439308e-01   4.9329139e-01   3.9645899e-01   5.3962246e-01   5.7705189e-01   5.3262280e-01   5.5271769e-01   6.2103661e-01   6.0960138e-01   5.8078628e-01   5.7186008e-01   6.4770549e-01   5.1853373e-01   5.0662990e-01   4.7638304e-01   5.0874368e-01   5.8085506e-01   6.0386609e-01   6.1121326e-01   6.0290482e-01   5.7911143e-01   5.6115536e-01   6.0328583e-01   6.3311180e-01   5.9700703e-01   5.6774716e-01   5.8577209e-01   6.5235925e-01   6.8321596e-01   6.9502458e-01   6.9942611e-01   6.8471899e-01   6.7488323e-01   6.5634260e-01   5.0255892e-01   5.6343091e-01   6.2865379e-01   7.8441431e-01   5.7660703e-01   6.0116401e-01   5.4921917e-01   4.0223445e-01   5.1785794e-01   5.1185123e-01   4.4824734e-01   4.1396928e-01   5.8310341e-01   5.7880810e-01   7.5245962e-01   5.5204611e-01   5.7459301e-01   6.8525617e-01   6.7821777e-01   6.5851221e-01   5.9735920e-01   5.1573653e-01   4.9883222e-01   4.5706068e-01   3.6616189e-01   4.2296932e-01   4.7091346e-01   5.4030422e-01   6.2452519e-01   6.3386979e-01   6.2333622e-01   6.0250470e-01   5.6397762e-01   5.0893293e-01   4.4206611e-01   6.7102660e-01   6.7261262e-01   6.6352566e-01   6.6020270e-01   6.8452168e-01   6.9409096e-01   7.1894202e-01   7.2413271e-01   7.1952582e-01   7.0938230e-01   6.9691069e-01   6.8828276e-01   7.3348916e-01   7.1561177e-01   7.2060865e-01   7.1972007e-01   7.1671923e-01   6.5829332e-01   7.0442417e-01   7.2331327e-01   7.1911954e-01   7.1190573e-01   7.1745601e-01   7.0351132e-01   7.3936068e-01   7.3968572e-01   7.3201752e-01   6.9174620e-01   7.3635131e-01   7.2420982e-01   7.3494211e-01   7.4306223e-01   7.5422671e-01   7.5671967e-01   7.5200394e-01   7.4357386e-01
   7.9917578e-01   4.9308713e-01   5.7803846e-01   5.9027414e-01   0.0000000e+00   8.2487471e-01   7.7225150e-01   7.0090454e-01   6.4231668e-01   5.5575458e-01   4.8564120e-01   4.5949375e-01   3.9287120e-01   4.9563904e-01   5.1298103e-01   5.2564271e-01   3.8023181e-01   3.9323940e-01   3.9046674e-01   4.3076890e-01   4.1604147e-01   4.1307495e-01   4.5751037e-01   5.0419322e-01   4.8889436e-01   4.9787959e-01   5.9676621e-01   6.0680521e-01   4.5302406e-01   4.2207333e-01   4.4363635e-01   4.9022943e-01   4.2410428e-01   5.0983012e-01   3.9663643e-01   4.2648073e-01   3.9492480e-01   3.0039222e-01   3.5597203e-01   4.4503508e-01   3.9710069e-01   4.4271457e-01   4.2696225e-01   4.1872953e-01   6.8130007e-01   4.3453496e-01   3.3750721e-01   4.2751345e-01   6.5911431e-01   6.4228546e-01   5.9822669e-01   5.3849970e-01   5.2850473e-01   5.5020961e-01   5.3938789e-01   5.2221138e-01   5.7010972e-01   4.9873148e-01   4.3773070e-01   3.5338954e-01   5.2835660e-01   5.5549544e-01   5.0259275e-01   5.2051194e-01   5.8161586e-01   5.6245922e-01   5.3409463e-01   5.1866523e-01   5.3004750e-01   4.3823224e-01   4.3028343e-01   3.9973525e-01   4.3099613e-01   4.9212965e-01   5.1349785e-01   5.1844892e-01   5.1373071e-01   4.9453835e-01   4.8323051e-01   5.6027639e-01   5.5095251e-01   5.1882852e-01   4.8659994e-01   5.3913721e-01   5.9252890e-01   6.1945681e-01   6.2441825e-01   6.2277842e-01   6.0782413e-01   5.9346853e-01   5.7644624e-01   4.2679873e-01   4.6906974e-01   5.0968410e-01   5.8798870e-01   4.9055109e-01   5.1483629e-01   4.6870436e-01   3.4244774e-01   4.4571041e-01   4.3761096e-01   3.7873386e-01   3.5858827e-01   4.9615742e-01   4.7659179e-01   5.6852286e-01   4.7334801e-01   4.9414837e-01   5.9382799e-01   5.8870502e-01   5.6858143e-01   5.1519218e-01   4.4488126e-01   4.2568081e-01   4.0410022e-01   3.1275272e-01   3.5252217e-01   3.9284728e-01   4.7623378e-01   5.5698022e-01   5.6930783e-01   5.6622198e-01   5.5262712e-01   5.1994010e-01   4.7072294e-01   4.0243808e-01   5.6567313e-01   5.7675401e-01   5.7976197e-01   5.8496945e-01   5.6860678e-01   5.7929008e-01   6.0132371e-01   6.0831948e-01   6.0686773e-01   6.0055138e-01   5.9237484e-01   5.8719778e-01   6.1741165e-01   6.1744898e-01   6.2197204e-01   6.2211358e-01   5.9943746e-01   5.5850799e-01   5.9707673e-01   6.0944519e-01   6.0553797e-01   6.0082017e-01   6.0642393e-01   5.9842213e-01   6.1312802e-01   6.0563189e-01   6.0026844e-01   5.7310227e-01   6.0935004e-01   6.0106642e-01   6.0770194e-01   6.1438375e-01   6.2009527e-01   6.2136909e-01   6.1698421e-01   6.0884083e-01
   7.1986124e-01   5.1311460e-01   6.0461669e-01   6.1303627e-01   8.2487471e-01   0.0000000e+00   8.8972219e-01   7.7392093e-01   6.9728019e-01   6.0261657e-01   5.2650552e-01   4.9445898e-01   4.3687332e-01   5.2207642e-01   5.3586952e-01   5.4618997e-01   3.7267803e-01   3.4500763e-01   3.5846361e-01   4.2270971e-01   4.1932740e-01   4.1987165e-01   4.7475935e-01   5.3156421e-01   4.8143905e-01   5.1652568e-01   6.1754529e-01   6.2794504e-01   4.5503849e-01   4.2621678e-01   4.5928437e-01   5.1174847e-01   4.3807946e-01   5.3113803e-01   4.0998110e-01   4.4480095e-01   4.0889904e-01   3.0642029e-01   3.6630320e-01   4.6437186e-01   4.1392724e-01   4.6459344e-01   4.4707181e-01   4.3660883e-01   7.3676642e-01   4.4937823e-01   3.4957307e-01   4.4189926e-01   7.0573449e-01   6.8592872e-01   6.3580473e-01   5.6753995e-01   5.5536511e-01   5.7649240e-01   5.6446873e-01   5.4495750e-01   6.1403132e-01   5.2034714e-01   4.5558264e-01   3.5968086e-01   5.6706481e-01   5.9479385e-01   5.3092280e-01   5.4951627e-01   6.0968923e-01   5.8728934e-01   5.5598398e-01   5.4006300e-01   5.5722043e-01   4.6210372e-01   4.5084142e-01   4.1708558e-01   4.4917233e-01   5.1831276e-01   5.4126948e-01   5.4607573e-01   5.3855006e-01   5.1765040e-01   5.0545271e-01   5.8126448e-01   5.7659993e-01   5.4139704e-01   5.0563689e-01   5.5971349e-01   6.2274380e-01   6.5177740e-01   6.5659894e-01   6.5257334e-01   6.3827066e-01   6.2312577e-01   6.0402274e-01   4.4470348e-01   4.9416187e-01   5.3289703e-01   6.1373198e-01   5.1325084e-01   5.3986838e-01   4.8975731e-01   3.5417397e-01   4.6258918e-01   4.5982600e-01   3.9777846e-01   3.7471193e-01   5.1747881e-01   4.9710887e-01   5.9340831e-01   4.9594777e-01   5.1892508e-01   6.2423796e-01   6.1841775e-01   5.9700986e-01   5.3895180e-01   4.6183779e-01   4.4023238e-01   4.1833983e-01   3.2245483e-01   3.6779649e-01   4.0989727e-01   4.9463080e-01   5.8131138e-01   5.9405489e-01   5.9010968e-01   5.7510657e-01   5.4089435e-01   4.8969160e-01   4.1651404e-01   5.9262926e-01   5.9876039e-01   6.0566666e-01   6.1044659e-01   5.9306357e-01   6.0289941e-01   6.2603584e-01   6.3287326e-01   6.3134376e-01   6.2366090e-01   6.1434949e-01   6.0904785e-01   6.4324348e-01   6.4418802e-01   6.4964386e-01   6.4958158e-01   6.2608967e-01   5.8467296e-01   6.2374095e-01   6.3337379e-01   6.3088874e-01   6.2615543e-01   6.3223235e-01   6.2388552e-01   6.4058538e-01   6.3436420e-01   6.2854243e-01   5.9960243e-01   6.3642860e-01   6.2755207e-01   6.3424004e-01   6.4234212e-01   6.4950166e-01   6.5122215e-01   6.4621723e-01   6.3809041e-01
   6.9080865e-01   5.5533922e-01   6.5733063e-01   6.6327530e-01   7.7225150e-01   8.8972219e-01   0.0000000e+00   8.7224263e-01   7.7992621e-01   6.7162832e-01   5.9031154e-01   5.5256009e-01   4.7301025e-01   5.7540435e-01   5.8308111e-01   5.9341017e-01   3.8835038e-01   3.4474827e-01   3.5548176e-01   4.4573731e-01   4.5057786e-01   4.5574125e-01   5.1678419e-01   5.8850488e-01   4.9287458e-01   5.5469188e-01   6.6198624e-01   6.7405741e-01   4.6698043e-01   4.4698702e-01   4.8799778e-01   5.5192730e-01   4.7087109e-01   5.7805110e-01   4.3614912e-01   4.8074579e-01   4.3460491e-01   3.2302594e-01   3.9258926e-01   5.0089617e-01   4.4661341e-01   5.0512183e-01   4.8441101e-01   4.7213793e-01   8.0684890e-01   4.8153731e-01   3.6762678e-01   4.6849796e-01   7.6163515e-01   7.3601364e-01   6.8096892e-01   6.0739934e-01   5.9345208e-01   6.1451230e-01   5.9846574e-01   5.8017826e-01   6.7272856e-01   5.5107181e-01   4.8378292e-01   3.7944088e-01   6.1225174e-01   6.4271749e-01   5.7134907e-01   5.8905796e-01   6.5231064e-01   6.2756595e-01   5.9179817e-01   5.7507993e-01   5.9451101e-01   4.8928677e-01   4.7966918e-01   4.4468587e-01   4.7771409e-01   5.5149600e-01   5.7442680e-01   5.8024446e-01   5.7228029e-01   5.5043620e-01   5.3606833e-01   6.1757579e-01   6.1421097e-01   5.7655663e-01   5.3987669e-01   5.9753948e-01   6.6640402e-01   6.9767823e-01   6.9989882e-01   6.9638503e-01   6.7989372e-01   6.6225726e-01   6.4095618e-01   4.7492677e-01   5.2270290e-01   5.6581251e-01   6.5498936e-01   5.4883199e-01   5.7398294e-01   5.2042283e-01   3.7790369e-01   4.9285690e-01   4.8740115e-01   4.2123523e-01   3.9351855e-01   5.4955206e-01   5.2658322e-01   6.3356076e-01   5.2907207e-01   5.5165777e-01   6.6595295e-01   6.5837610e-01   6.3312073e-01   5.7240507e-01   4.8916744e-01   4.6730524e-01   4.4287684e-01   3.4132558e-01   3.9250982e-01   4.3701029e-01   5.2693760e-01   6.1867435e-01   6.3347533e-01   6.2925012e-01   6.1291356e-01   5.7655860e-01   5.2127776e-01   4.4228999e-01   6.3544691e-01   6.3480167e-01   6.4498503e-01   6.5392155e-01   6.3567719e-01   6.4390008e-01   6.6647632e-01   6.7338860e-01   6.7102346e-01   6.6133509e-01   6.4994944e-01   6.4385315e-01   6.8984920e-01   6.8963786e-01   6.9559252e-01   6.9571241e-01   6.7157441e-01   6.2507892e-01   6.7040558e-01   6.8080124e-01   6.7739462e-01   6.7281950e-01   6.7879726e-01   6.6910993e-01   6.8889268e-01   6.8397733e-01   6.7631635e-01   6.4541946e-01   6.8390415e-01   6.7301521e-01   6.8165776e-01   6.9015583e-01   6.9848399e-01   7.0064046e-01   6.9566916e-01   6.8761363e-01
   6.6560886e-01   6.1244281e-01   7.3350261e-01   7.3364618e-01   7.0090454e-01   7.7392093e-01   8.7224263e-01   0.0000000e+00   9.2947704e-01   7.9873787e-01   7.0539467e-01   6.5695430e-01   4.8760243e-01   6.6688636e-01   6.6092503e-01   6.6554638e-01   4.2774724e-01   3.8756246e-01   4.1719608e-01   5.5996345e-01   5.2619588e-01   5.2109030e-01   5.8790152e-01   6.8368666e-01   5.3351224e-01   6.1329785e-01   7.1977336e-01   7.3158162e-01   5.1383780e-01   4.9713081e-01   5.5512908e-01   6.2871573e-01   5.2111134e-01   6.5683397e-01   4.8215869e-01   5.3427963e-01   4.7664868e-01   3.4678026e-01   4.2659072e-01   5.5354850e-01   4.9293757e-01   5.5490506e-01   5.2643437e-01   5.1104131e-01   9.0079539e-01   5.0915437e-01   3.8648789e-01   4.9171417e-01   8.2208982e-01   7.8354847e-01   7.2085461e-01   6.4180577e-01   6.2319400e-01   6.4697380e-01   6.3011773e-01   6.0795549e-01   7.4785790e-01   5.8113361e-01   5.1039682e-01   3.9817477e-01   6.5834859e-01   6.8571843e-01   6.0914119e-01   6.2395841e-01   6.8961423e-01   6.6184866e-01   6.2252965e-01   6.0542265e-01   6.3021271e-01   5.1816761e-01   5.0369722e-01   4.7415925e-01   5.0643547e-01   5.8140243e-01   6.0646950e-01   6.1228644e-01   6.0362560e-01   5.7941507e-01   5.6599213e-01   6.4776778e-01   6.4554087e-01   6.0615060e-01   5.6882229e-01   6.2806428e-01   7.0371671e-01   7.3474151e-01   7.3506558e-01   7.3397871e-01   7.1292653e-01   6.9453360e-01   6.7345632e-01   5.0159724e-01   5.5101008e-01   5.9998966e-01   6.9956831e-01   5.7747932e-01   6.0401717e-01   5.4888811e-01   3.9760506e-01   5.1843484e-01   5.1135513e-01   4.4611608e-01   4.1106505e-01   5.8114943e-01   5.5276628e-01   6.7545568e-01   5.5652840e-01   5.8008407e-01   6.9933762e-01   6.9017804e-01   6.6314994e-01   5.9735895e-01   5.1277505e-01   4.9129421e-01   4.6973282e-01   3.6316300e-01   4.1770891e-01   4.6458446e-01   5.5801663e-01   6.5260090e-01   6.6750092e-01   6.6411587e-01   6.4396945e-01   6.0754755e-01   5.4740853e-01   4.6849669e-01   6.9173278e-01   6.7701760e-01   6.9293615e-01   7.0768719e-01   6.9021446e-01   6.9712902e-01   7.1775886e-01   7.2483014e-01   7.1952098e-01   7.0647724e-01   6.9097970e-01   6.8384509e-01   7.5211997e-01   7.5114849e-01   7.5840620e-01   7.5767150e-01   7.3123588e-01   6.7747017e-01   7.2685346e-01   7.4114389e-01   7.3806376e-01   7.3217001e-01   7.3763141e-01   7.2877693e-01   7.5083083e-01   7.4768391e-01   7.3984171e-01   7.0308806e-01   7.4688647e-01   7.3466651e-01   7.4515545e-01   7.5409562e-01   7.6329574e-01   7.6556766e-01   7.6077130e-01   7.5201792e-01
   6.1922141e-01   6.2832499e-01   7.5706074e-01   7.4763457e-01   6.4231668e-01   6.9728019e-01   7.7992621e-01   9.2947704e-01   0.0000000e+00   8.7381625e-01   7.9097944e-01   7.3604115e-01   4.6903308e-01   7.0117906e-01   6.8173223e-01   6.8037907e-01   4.3103341e-01   4.1283021e-01   4.4958163e-01   5.6077400e-01   5.1324888e-01   5.0929469e-01   5.8904019e-01   7.1847171e-01   5.4053112e-01   6.1781254e-01   7.1421495e-01   7.2285624e-01   5.2211125e-01   5.0524715e-01   5.6784327e-01   6.4476736e-01   5.2985844e-01   6.7716419e-01   4.8956470e-01   5.4642227e-01   4.8045941e-01   3.4934529e-01   4.2849372e-01   5.5462210e-01   4.9302524e-01   5.5839767e-01   5.2807632e-01   5.0726609e-01   8.8052849e-01   4.8875884e-01   3.7142222e-01   4.7052560e-01   7.7882247e-01   7.3700255e-01   6.7862257e-01   6.0958229e-01   5.8984429e-01   6.1375490e-01   6.0106393e-01   5.8184869e-01   7.3865352e-01   5.5717448e-01   4.9075212e-01   3.8557743e-01   6.2468464e-01   6.4848784e-01   5.7756947e-01   5.9184329e-01   6.5420144e-01   6.3185475e-01   5.9311527e-01   5.7735668e-01   6.0767257e-01   4.9581024e-01   4.8125491e-01   4.5923164e-01   4.8943348e-01   5.5868046e-01   5.8224405e-01   5.8724795e-01   5.7787514e-01   5.5499079e-01   5.4021669e-01   6.1883935e-01   6.1655686e-01   5.7964129e-01   5.4528645e-01   6.0115752e-01   6.7448083e-01   7.0130542e-01   7.0125851e-01   7.0244601e-01   6.8002907e-01   6.6500764e-01   6.4383902e-01   4.8073550e-01   5.2893242e-01   5.7706608e-01   6.7964723e-01   5.5342076e-01   5.7709103e-01   5.2581400e-01   3.8471183e-01   4.9693822e-01   4.9013828e-01   4.3182886e-01   3.9874499e-01   5.6009331e-01   5.3221334e-01   6.5766260e-01   5.3918091e-01   5.5984481e-01   6.6955282e-01   6.5907226e-01   6.3728771e-01   5.7342411e-01   4.9736242e-01   4.7491469e-01   4.5473228e-01   3.5690224e-01   4.0874801e-01   4.5210247e-01   5.3572869e-01   6.2546969e-01   6.3870697e-01   6.3443581e-01   6.1688529e-01   5.7948225e-01   5.2078883e-01   4.4821843e-01   6.7998343e-01   6.5085002e-01   6.7064296e-01   6.9022838e-01   6.7681313e-01   6.7977438e-01   6.9656100e-01   7.0185350e-01   6.9371498e-01   6.7921473e-01   6.6277604e-01   6.5375684e-01   7.3850731e-01   7.3590436e-01   7.4306231e-01   7.4226667e-01   7.1690298e-01   6.6364760e-01   7.1054544e-01   7.2664560e-01   7.2239033e-01   7.1659223e-01   7.2240373e-01   7.1340685e-01   7.3729093e-01   7.3653212e-01   7.2876163e-01   6.9258727e-01   7.3422809e-01   7.2356766e-01   7.3308797e-01   7.4164137e-01   7.5180609e-01   7.5430534e-01   7.4948512e-01   7.3997526e-01
   5.3952836e-01   6.3262228e-01   7.4139302e-01   7.1872194e-01   5.5575458e-01   6.0261657e-01   6.7162832e-01   7.9873787e-01   8.7381625e-01   0.0000000e+00   9.0876713e-01   8.3439695e-01   4.2565513e-01   6.7288953e-01   6.4636200e-01   6.4072883e-01   3.9947079e-01   3.9164368e-01   4.2539265e-01   5.2224494e-01   4.8056613e-01   4.8056041e-01   5.6443326e-01   6.9507121e-01   4.9618333e-01   5.6985055e-01   6.3769160e-01   6.4587802e-01   4.8137789e-01   4.6658432e-01   5.2459369e-01   5.9855910e-01   4.9353034e-01   6.2880214e-01   4.5642215e-01   5.1142880e-01   4.4107519e-01   3.3392495e-01   3.9862115e-01   5.0829471e-01   4.5159415e-01   5.1893507e-01   4.8829457e-01   4.6935444e-01   7.1858566e-01   4.2680689e-01   3.3505931e-01   4.1652354e-01   6.3464288e-01   6.0755633e-01   5.6277151e-01   5.0879704e-01   5.0023263e-01   5.2498394e-01   5.1945601e-01   5.0343936e-01   5.8654933e-01   4.8645432e-01   4.3123907e-01   3.4369271e-01   5.0515908e-01   5.2887989e-01   4.8280772e-01   4.9787990e-01   5.5366585e-01   5.4120800e-01   5.1470058e-01   5.0131492e-01   5.3187955e-01   4.4308560e-01   4.2560802e-01   4.1124047e-01   4.3621496e-01   4.9598494e-01   5.1711354e-01   5.1802905e-01   5.1242137e-01   4.9182282e-01   4.7935664e-01   5.3729411e-01   5.3549716e-01   5.0712672e-01   4.7534011e-01   5.2665679e-01   5.9004969e-01   6.0920424e-01   6.0633170e-01   6.0132508e-01   5.8491581e-01   5.7326341e-01   5.6002898e-01   4.2436448e-01   4.6347426e-01   5.0395185e-01   5.9785166e-01   4.9321717e-01   5.1251896e-01   4.6314867e-01   3.4536190e-01   4.3799474e-01   4.3452479e-01   3.8452283e-01   3.6420629e-01   4.8925228e-01   4.7002903e-01   5.7532426e-01   4.7137464e-01   4.9483095e-01   5.8206446e-01   5.7083332e-01   5.5217637e-01   5.0088989e-01   4.3936511e-01   4.1897263e-01   4.0202828e-01   3.2559606e-01   3.7006160e-01   4.0357258e-01   4.7436346e-01   5.4676701e-01   5.5868313e-01   5.5337476e-01   5.3675419e-01   5.0367533e-01   4.5338834e-01   3.9279585e-01   6.0111246e-01   5.7139361e-01   5.9018874e-01   6.0812939e-01   5.9705321e-01   5.9914799e-01   6.1347940e-01   6.1690454e-01   6.0997934e-01   5.9676223e-01   5.8214075e-01   5.7411406e-01   6.5146318e-01   6.4917540e-01   6.5592727e-01   6.5505705e-01   6.3502653e-01   5.8936092e-01   6.3025175e-01   6.4139039e-01   6.3702548e-01   6.3100182e-01   6.3756036e-01   6.2880488e-01   6.5401807e-01   6.5274469e-01   6.4571170e-01   6.1555045e-01   6.5124426e-01   6.4430387e-01   6.5193665e-01   6.5876545e-01   6.6708137e-01   6.6864815e-01   6.6473732e-01   6.5647073e-01
   4.7332883e-01   6.3286095e-01   7.3345192e-01   6.9490134e-01   4.8564120e-01   5.2650552e-01   5.9031154e-01   7.0539467e-01   7.9097944e-01   9.0876713e-01   0.0000000e+00   9.5108888e-01   3.9009296e-01   6.4711210e-01   6.1554934e-01   6.0644242e-01   3.7442032e-01   3.6884428e-01   4.0264410e-01   4.9510690e-01   4.6317197e-01   4.5641516e-01   5.4551556e-01   6.7381370e-01   4.6067962e-01   5.2727846e-01   5.7876867e-01   5.8573461e-01   4.4925828e-01   4.3269006e-01   4.9064760e-01   5.5861024e-01   4.6161301e-01   5.8937893e-01   4.2621820e-01   4.8305488e-01   4.0578419e-01   3.2290657e-01   3.7243178e-01   4.7008999e-01   4.1716237e-01   4.7964873e-01   4.5027333e-01   4.3176528e-01   6.1268612e-01   3.8187707e-01   3.1112121e-01   3.7598346e-01   5.3783961e-01   5.1521976e-01   4.7827541e-01   4.3638490e-01   4.3455098e-01   4.5925699e-01   4.5749806e-01   4.4508506e-01   4.9167246e-01   4.3134137e-01   3.8665558e-01   3.1486089e-01   4.3394470e-01   4.5110405e-01   4.1425547e-01   4.2923534e-01   4.8224435e-01   4.7330079e-01   4.5215656e-01   4.4324596e-01   4.7370090e-01   3.9542404e-01   3.8358906e-01   3.7132977e-01   3.9372888e-01   4.4343525e-01   4.6367299e-01   4.6412675e-01   4.5984678e-01   4.4255428e-01   4.2959875e-01   4.6820058e-01   4.7817854e-01   4.5310819e-01   4.2581979e-01   4.6289368e-01   5.1821051e-01   5.3300543e-01   5.3277116e-01   5.2760786e-01   5.1643107e-01   5.0788530e-01   4.9638943e-01   3.7888787e-01   4.1138922e-01   4.4815380e-01   5.3632664e-01   4.4401768e-01   4.6032905e-01   4.1406032e-01   3.1408100e-01   3.9373123e-01   3.8772800e-01   3.4983760e-01   3.3902179e-01   4.3446487e-01   4.1997860e-01   5.1463240e-01   4.2073775e-01   4.3714193e-01   5.1613742e-01   5.0634195e-01   4.9387840e-01   4.5036791e-01   3.9954870e-01   3.8269051e-01   3.6547303e-01   3.0229405e-01   3.3962602e-01   3.6197444e-01   4.2524724e-01   4.8396193e-01   4.9391843e-01   4.8615388e-01   4.7156852e-01   4.4310967e-01   4.0094389e-01   3.5439764e-01   5.3937170e-01   5.1025912e-01   5.2837158e-01   5.4797656e-01   5.3169559e-01   5.3698082e-01   5.4822563e-01   5.5084200e-01   5.4499432e-01   5.3402985e-01   5.2169853e-01   5.1367667e-01   5.8154887e-01   5.7980707e-01   5.8571620e-01   5.8515758e-01   5.6561130e-01   5.2552621e-01   5.6174938e-01   5.7315792e-01   5.6857769e-01   5.6292650e-01   5.6889563e-01   5.6186102e-01   5.8507877e-01   5.8433192e-01   5.7798887e-01   5.5236185e-01   5.8267887e-01   5.7660093e-01   5.8395948e-01   5.9031612e-01   5.9703181e-01   5.9876960e-01   5.9525664e-01   5.8735252e-01
   4.4814187e-01   6.4478375e-01   7.4539357e-01   7.0154432e-01   4.5949375e-01   4.9445898e-01   5.5256009e-01   6.5695430e-01   7.3604115e-01   8.3439695e-01   9.5108888e-01   0.0000000e+00   3.7492123e-01   6.2060873e-01   5.9818916e-01   5.9117511e-01   3.6350107e-01   3.5940118e-01   3.8978566e-01   4.7730987e-01   4.5319200e-01   4.4500888e-01   5.3391549e-01   6.4736171e-01   4.4869895e-01   5.1057507e-01   5.6267515e-01   5.6970230e-01   4.3837743e-01   4.1839798e-01   4.7078829e-01   5.3295363e-01   4.4740840e-01   5.6436209e-01   4.1055755e-01   4.6633304e-01   3.9140439e-01   3.1632621e-01   3.6251318e-01   4.5017454e-01   4.0287855e-01   4.6195820e-01   4.3627009e-01   4.1907619e-01   5.7170822e-01   3.6579289e-01   3.0229056e-01   3.6116989e-01   5.0773524e-01   4.8650033e-01   4.5281674e-01   4.1632781e-01   4.1497235e-01   4.3731691e-01   4.3592105e-01   4.2460544e-01   4.7108475e-01   4.1268837e-01   3.7192402e-01   3.0728941e-01   4.1852627e-01   4.2969162e-01   3.9567428e-01   4.1071946e-01   4.6002058e-01   4.5108086e-01   4.3007655e-01   4.2325257e-01   4.5208152e-01   3.7997425e-01   3.6703438e-01   3.5850077e-01   3.7841962e-01   4.2503692e-01   4.4233283e-01   4.4183154e-01   4.3817189e-01   4.2307130e-01   4.1274095e-01   4.4448400e-01   4.5539355e-01   4.3436679e-01   4.0900320e-01   4.4099245e-01   4.9313253e-01   5.0556880e-01   5.0569490e-01   5.0209754e-01   4.9152926e-01   4.8373197e-01   4.7165738e-01   3.6343236e-01   3.9724126e-01   4.3018367e-01   5.1749523e-01   4.2516346e-01   4.3968522e-01   3.9694341e-01   3.0474473e-01   3.7996005e-01   3.7397227e-01   3.3792603e-01   3.2865066e-01   4.1665835e-01   4.0620336e-01   4.9782949e-01   4.0517155e-01   4.1854567e-01   4.9170624e-01   4.8334923e-01   4.7109126e-01   4.3153740e-01   3.8293390e-01   3.6867293e-01   3.5144881e-01   2.9633700e-01   3.3066007e-01   3.4963796e-01   4.0540500e-01   4.5968901e-01   4.6779745e-01   4.6219633e-01   4.4792800e-01   4.2240532e-01   3.8358823e-01   3.4191136e-01   5.1668771e-01   4.9014715e-01   5.0404628e-01   5.2126249e-01   5.0957575e-01   5.1405041e-01   5.2481873e-01   5.2782110e-01   5.2332689e-01   5.1430349e-01   5.0203763e-01   4.9438544e-01   5.5479283e-01   5.5296844e-01   5.5837353e-01   5.5850374e-01   5.3931141e-01   5.0107240e-01   5.3358364e-01   5.4617616e-01   5.4259126e-01   5.3825885e-01   5.4349090e-01   5.3735534e-01   5.5873014e-01   5.5970144e-01   5.5417618e-01   5.2765629e-01   5.5732510e-01   5.5059524e-01   5.5887073e-01   5.6416581e-01   5.7067897e-01   5.7215522e-01   5.6913377e-01   5.6162586e-01
   4.1982746e-01   4.0383771e-01   4.5413046e-01   4.5830008e-01   3.9287120e-01   4.3687332e-01   4.7301025e-01   4.8760243e-01   4.6903308e-01   4.2565513e-01   3.9009296e-01   3.7492123e-01   0.0000000e+00   4.0448370e-01   4.1287960e-01   4.2259198e-01   6.7639393e-01   4.3973229e-01   3.4933864e-01   3.6354449e-01   3.4843365e-01   3.4598055e-01   3.7353647e-01   4.0959544e-01   4.2910675e-01   4.0032722e-01   4.6331409e-01   4.6923943e-01   3.9030990e-01   3.6400033e-01   3.7103854e-01   4.0375011e-01   3.4697742e-01   4.1159091e-01   3.2783249e-01   3.5063261e-01   3.3794112e-01   2.7554433e-01   3.0196374e-01   3.7129987e-01   3.3762994e-01   3.6989921e-01   3.5633491e-01   3.4810186e-01   4.8438456e-01   3.4391334e-01   2.8598302e-01   3.3840279e-01   4.6962875e-01   4.6371261e-01   4.3512006e-01   3.9994026e-01   4.0104849e-01   4.1956922e-01   4.1427718e-01   4.0085544e-01   4.2244258e-01   3.8467940e-01   3.4462487e-01   2.8583320e-01   3.8653481e-01   4.1070012e-01   3.7832114e-01   3.9459389e-01   4.4070095e-01   4.2868020e-01   4.1035720e-01   4.0076399e-01   4.1335922e-01   3.5012491e-01   3.3912568e-01   3.2656361e-01   3.4106521e-01   3.8655913e-01   4.0325035e-01   4.0730197e-01   4.0782024e-01   3.9515538e-01   3.7853248e-01   4.2679306e-01   4.2347261e-01   4.0213768e-01   3.7782179e-01   4.1461432e-01   4.5306080e-01   4.6685067e-01   4.6910774e-01   4.6897017e-01   4.6080401e-01   4.5261355e-01   4.4317978e-01   3.4239047e-01   3.6470328e-01   3.9616760e-01   4.5074462e-01   3.9179619e-01   4.0747246e-01   3.7166479e-01   2.8670688e-01   3.5059166e-01   3.5192273e-01   3.1725191e-01   3.0318709e-01   3.8787745e-01   3.6942245e-01   4.3366099e-01   3.7717842e-01   3.8605219e-01   4.5372847e-01   4.4768182e-01   4.3254751e-01   3.9382344e-01   3.4849863e-01   3.3490580e-01   3.2165091e-01   2.7415128e-01   3.0305651e-01   3.2014308e-01   3.7471970e-01   4.3014425e-01   4.4177049e-01   4.3739750e-01   4.2562953e-01   4.0396688e-01   3.6940998e-01   3.2774068e-01   4.4329618e-01   4.4985158e-01   4.5310912e-01   4.6184172e-01   4.5047881e-01   4.5598374e-01   4.7003208e-01   4.7479866e-01   4.7311736e-01   4.6650216e-01   4.5819661e-01   4.5475806e-01   4.7237410e-01   4.8504401e-01   4.8743656e-01   4.8845015e-01   4.6351628e-01   4.2717759e-01   4.5781598e-01   4.8431930e-01   4.8084421e-01   4.7734816e-01   4.7966871e-01   4.7422076e-01   4.8773257e-01   4.7487846e-01   4.7047637e-01   4.4502841e-01   4.8420730e-01   4.7458086e-01   4.7973401e-01   4.8391669e-01   4.8765467e-01   4.8739690e-01   4.8422125e-01   4.7919298e-01
   4.8466001e-01   5.7478912e-01   6.7320876e-01   6.6678181e-01   4.9563904e-01   5.2207642e-01   5.7540435e-01   6.6688636e-01   7.0117906e-01   6.7288953e-01   6.4711210e-01   6.2060873e-01   4.0448370e-01   0.0000000e+00   8.7174263e-01   8.3549264e-01   3.9263566e-01   4.0640116e-01   4.5119975e-01   5.4346683e-01   5.1087659e-01   5.0475002e-01   6.7227694e-01   9.5295628e-01   5.1094502e-01   6.5902454e-01   6.4412900e-01   6.5120447e-01   5.0171380e-01   5.0027624e-01   5.9740909e-01   6.7211190e-01   5.6866454e-01   7.5491345e-01   5.0398683e-01   6.7336396e-01   4.7798873e-01   3.7698873e-01   4.4491701e-01   5.4593400e-01   4.8235887e-01   5.9291510e-01   5.5495642e-01   5.1711355e-01   6.2710996e-01   4.0764105e-01   3.2557110e-01   3.9981722e-01   5.8763314e-01   5.7282402e-01   5.2767578e-01   4.7691583e-01   4.7547400e-01   4.9688754e-01   4.9094849e-01   4.7433485e-01   5.2427350e-01   4.5897758e-01   4.0959686e-01   3.3409673e-01   4.8507583e-01   5.0230879e-01   4.5485022e-01   4.7471261e-01   5.2583185e-01   5.0617468e-01   4.8096376e-01   4.7064832e-01   5.0600457e-01   4.1761072e-01   4.0053935e-01   3.9019417e-01   4.1547039e-01   4.6894300e-01   4.8861215e-01   4.8967792e-01   4.8756198e-01   4.6962455e-01   4.5684804e-01   4.9518123e-01   5.1138322e-01   4.8424421e-01   4.5686890e-01   4.8486879e-01   5.4864782e-01   5.7016305e-01   5.6744014e-01   5.6647170e-01   5.5291406e-01   5.4353308e-01   5.3113702e-01   4.0924578e-01   4.4705431e-01   4.8345229e-01   5.7260161e-01   4.7020448e-01   4.8941645e-01   4.4205247e-01   3.3848501e-01   4.2493481e-01   4.2049416e-01   3.7108948e-01   3.5393238e-01   4.6930526e-01   4.5634011e-01   5.5904834e-01   4.4889771e-01   4.6596549e-01   5.4710156e-01   5.3952417e-01   5.2654743e-01   4.7987856e-01   4.1808695e-01   4.0677011e-01   3.7838030e-01   3.2622846e-01   3.7411324e-01   4.0612466e-01   4.4991160e-01   5.1393254e-01   5.2282293e-01   5.1635859e-01   5.0018216e-01   4.7536984e-01   4.3173582e-01   3.7692535e-01   5.9246785e-01   5.5258710e-01   5.7198347e-01   5.8495456e-01   5.8948283e-01   5.9198090e-01   6.0525291e-01   6.0227820e-01   5.8898224e-01   5.7139385e-01   5.5702833e-01   5.5147841e-01   6.4183890e-01   6.3761341e-01   6.4386185e-01   6.4357909e-01   6.2339049e-01   5.7244189e-01   6.1252060e-01   6.3320166e-01   6.3029866e-01   6.2463390e-01   6.3228002e-01   6.2289387e-01   6.4749588e-01   6.5288716e-01   6.4594604e-01   6.1713539e-01   6.4474125e-01   6.3659509e-01   6.4299507e-01   6.5259362e-01   6.6493402e-01   6.6867323e-01   6.6656684e-01   6.5708776e-01
   5.0174943e-01   5.9997671e-01   7.0550028e-01   7.0782923e-01   5.1298103e-01   5.3586952e-01   5.8308111e-01   6.6092503e-01   6.8173223e-01   6.4636200e-01   6.1554934e-01   5.9818916e-01   4.1287960e-01   8.7174263e-01   0.0000000e+00   9.5323016e-01   4.0286657e-01   4.2066269e-01   4.6282472e-01   5.4629738e-01   5.1459356e-01   5.1135838e-01   6.4880349e-01   8.3930567e-01   5.3297707e-01   7.2394065e-01   7.0926191e-01   7.1648397e-01   5.1987720e-01   5.1997028e-01   6.1553053e-01   6.8830805e-01   5.9523374e-01   7.6450184e-01   5.1699378e-01   7.2065816e-01   4.9587021e-01   3.8556600e-01   4.5565549e-01   5.6040591e-01   4.9579132e-01   6.1680342e-01   5.7624243e-01   5.4067536e-01   6.2630056e-01   4.1881562e-01   3.3698441e-01   4.1295279e-01   5.9696977e-01   5.8531412e-01   5.4499567e-01   4.9166787e-01   4.9513177e-01   5.1394261e-01   5.0792365e-01   4.8787027e-01   5.3227650e-01   4.6809835e-01   4.1997174e-01   3.3978101e-01   4.9277806e-01   5.1382742e-01   4.6732915e-01   4.8473578e-01   5.4135099e-01   5.2411112e-01   4.9643431e-01   4.8336563e-01   5.2980320e-01   4.3106555e-01   4.1387581e-01   4.0490320e-01   4.3027583e-01   4.8726140e-01   5.0469883e-01   5.0685679e-01   5.0399726e-01   4.8617835e-01   4.7292077e-01   5.1561344e-01   5.2901918e-01   5.0159327e-01   4.7519111e-01   5.0316696e-01   5.6369440e-01   5.8765762e-01   5.8755518e-01   5.8828117e-01   5.7500818e-01   5.6431807e-01   5.5071569e-01   4.2474308e-01   4.6562609e-01   5.0343705e-01   6.0942840e-01   4.8549828e-01   5.0405046e-01   4.5945172e-01   3.4578877e-01   4.3784550e-01   4.3155667e-01   3.8001439e-01   3.6232588e-01   4.8659867e-01   4.7719179e-01   5.9217917e-01   4.6173018e-01   4.8118806e-01   5.6873289e-01   5.6079558e-01   5.4762922e-01   4.9561158e-01   4.3271854e-01   4.1921966e-01   3.8803962e-01   3.3264620e-01   3.8641473e-01   4.2353196e-01   4.6113514e-01   5.2931602e-01   5.3749221e-01   5.2979536e-01   5.1554937e-01   4.8814419e-01   4.4398612e-01   3.8548159e-01   6.0574992e-01   5.8080734e-01   5.8565092e-01   5.8786026e-01   6.0952943e-01   6.1362655e-01   6.3058028e-01   6.2922681e-01   6.1707974e-01   6.0272874e-01   5.9003301e-01   5.8545853e-01   6.5927543e-01   6.5054245e-01   6.5615151e-01   6.5554158e-01   6.4165433e-01   5.9107013e-01   6.3276579e-01   6.4921176e-01   6.4657389e-01   6.4027328e-01   6.4637187e-01   6.3607134e-01   6.6476431e-01   6.7319032e-01   6.6642065e-01   6.3226746e-01   6.6296861e-01   6.5587681e-01   6.6196370e-01   6.7092410e-01   6.8234343e-01   6.8677719e-01   6.8504672e-01   6.7726662e-01
