0 0.7932 0.7137 0.63939 0.26839 0.26701 0.26295 0.2666 0.23002 0.25234 0.26083 0.26312 0.23366 0.22857 0.22486 0.23448 0.24319 0.24383 0.25483 0.25238 0.24893 0.25337 0.25581 0.24627 0.26139 0.26004 0.23217 0.25927 0.26346 0.22883 0.2618 0.26357 0.26953 0.26179 0.2508 0.24473 0.23638 0.23346 0.26069 0.27537 0.27415 0.2318 0.26797 0.25205 0.25926 0.25895 0.26024 0.25373 0.24624 0.24049
0.7932 0 0.81107 0.74088 0.26544 0.26828 0.25796 0.25922 0.22288 0.2455 0.25271 0.25572 0.22543 0.23205 0.22358 0.22971 0.23516 0.23994 0.25367 0.2479 0.24596 0.24591 0.25324 0.24457 0.25879 0.25091 0.23262 0.2523 0.25573 0.22521 0.25561 0.25848 0.25784 0.25089 0.24986 0.24598 0.23847 0.23292 0.25898 0.27268 0.2774 0.23219 0.25784 0.24228 0.25044 0.25316 0.25601 0.2478 0.23999 0.2318
0.7137 0.81107 0 0.82344 0.26111 0.26393 0.25557 0.25424 0.22389 0.24153 0.25633 0.25418 0.22447 0.22321 0.22278 0.23242 0.23753 0.23833 0.25317 0.24809 0.24309 0.24501 0.24996 0.24105 0.25127 0.24826 0.23097 0.24806 0.24884 0.21884 0.25118 0.25366 0.25212 0.2462 0.24877 0.24372 0.24101 0.22998 0.25465 0.26946 0.27488 0.23199 0.25003 0.23908 0.24799 0.25023 0.24702 0.25015 0.2407 0.22924
0.63939 0.74088 0.82344 0 0.25605 0.25766 0.25154 0.25233 0.2239 0.24165 0.24686 0.25048 0.22417 0.21752 0.22132 0.23165 0.23637 0.23244 0.25082 0.24945 0.23995 0.24213 0.24541 0.23987 0.24733 0.24494 0.22713 0.24311 0.24371 0.21829 0.2511 0.254 0.25036 0.24595 0.24309 0.23943 0.23555 0.22564 0.25645 0.2715 0.27732 0.23786 0.25716 0.23966 0.2485 0.25034 0.24959 0.24267 0.23376 0.22798
0.26839 0.26544 0.26111 0.25605 0 0.55144 0.40293 0.33838 0.23826 0.25474 0.26325 0.26836 0.24693 0.23391 0.23284 0.24581 0.25081 0.25224 0.30297 0.29606 0.26398 0.26348 0.3124 0.30071 0.29162 0.27703 0.23846 0.26175 0.2588 0.25044 0.32923 0.3277 0.30562 0.27918 0.27123 0.26618 0.25948 0.24915 0.26211 0.27646 0.26821 0.22189 0.2867 0.29317 0.28993 0.27594 0.29104 0.2764 0.27148 0.2686
0.26701 0.26828 0.26393 0.25766 0.55144 0 0.60677 0.45038 0.23213 0.2574 0.26089 0.26629 0.24111 0.23956 0.2375 0.24111 0.24823 0.25799 0.3059 0.30189 0.26408 0.26987 0.31004 0.30085 0.29871 0.28024 0.23916 0.26919 0.26941 0.25523 0.37906 0.37749 0.34921 0.3066 0.26605 0.25942 0.25315 0.25209 0.26711 0.27953 0.26869 0.22036 0.28945 0.29213 0.29722 0.27996 0.28765 0.2812 0.27647 0.27155
0.26295 0.25796 0.25557 0.25154 0.40293 0.60677 0 0.80964 0.23611 0.26032 0.26701 0.26789 0.24169 0.23898 0.24632 0.25227 0.25828 0.26076 0.29875 0.29822 0.26179 0.2623 0.3062 0.29781 0.29203 0.29133 0.24166 0.26172 0.27215 0.28591 0.47149 0.47864 0.52392 0.48116 0.26697 0.26353 0.26067 0.26302 0.26537 0.27911 0.26885 0.24049 0.27711 0.28647 0.28902 0.27771 0.28793 0.28457 0.28623 0.28859
0.2666 0.25922 0.25424 0.25233 0.33838 0.45038 0.80964 0 0.23677 0.26913 0.2736 0.28022 0.24289 0.24749 0.2588 0.26894 0.27347 0.27788 0.29503 0.29929 0.27095 0.27093 0.30747 0.29765 0.3014 0.30151 0.24055 0.26066 0.27425 0.30564 0.46686 0.47574 0.60089 0.61967 0.2839 0.2716 0.26808 0.2702 0.28338 0.28979 0.27534 0.25864 0.27968 0.28197 0.28844 0.28652 0.28815 0.29238 0.29735 0.30026
0.23002 0.22288 0.22389 0.2239 0.23826 0.23213 0.23611 0.23677 0 0.5245 0.42343 0.32443 0.2681 0.23093 0.24092 0.23305 0.22891 0.22783 0.23338 0.23183 0.22821 0.22496 0.24292 0.2343 0.24915 0.24549 0.2211 0.22701 0.22333 0.2243 0.22982 0.22697 0.23584 0.23766 0.23631 0.22883 0.22576 0.21789 0.2335 0.23929 0.23028 0.19978 0.22394 0.22937 0.22906 0.23479 0.22922 0.23543 0.23331 0.23357
0.25234 0.2455 0.24153 0.24165 0.25474 0.2574 0.26032 0.26913 0.5245 0 0.66445 0.46993 0.28276 0.26383 0.25577 0.2536 0.26218 0.26264 0.25278 0.24758 0.24989 0.2575 0.2587 0.2564 0.27292 0.26873 0.23421 0.26603 0.26408 0.23933 0.26063 0.25987 0.26206 0.2712 0.25914 0.25223 0.24974 0.24087 0.26419 0.25849 0.25255 0.20509 0.25327 0.25332 0.26104 0.26067 0.26238 0.25458 0.25558 0.25082
0.26083 0.25271 0.25633 0.24686 0.26325 0.26089 0.26701 0.2736 0.42343 0.66445 0 0.76213 0.30167 0.26083 0.27561 0.26981 0.27055 0.28067 0.26147 0.2627 0.25093 0.25935 0.26897 0.27369 0.27416 0.26859 0.23035 0.26749 0.26001 0.24625 0.26647 0.26813 0.2699 0.27821 0.26034 0.25319 0.24931 0.23975 0.26416 0.2587 0.25049 0.2128 0.27907 0.27995 0.27663 0.27705 0.26751 0.27162 0.26523 0.25722
0.26312 0.25572 0.25418 0.25048 0.26836 0.26629 0.26789 0.28022 0.32443 0.46993 0.76213 0 0.29052 0.24919 0.27529 0.28251 0.27602 0.28308 0.26001 0.26507 0.25033 0.25736 0.26762 0.27315 0.2716 0.27034 0.23282 0.2758 0.26294 0.24366 0.26389 0.26328 0.2675 0.27713 0.26258 0.25865 0.25445 0.23726 0.26344 0.25261 0.24947 0.20944 0.28529 0.28187 0.28213 0.28684 0.27761 0.27057 0.26128 0.25706
0.23366 0.22543 0.22447 0.22417 0.24693 0.24111 0.24169 0.24289 0.2681 0.28276 0.30167 0.29052 0 0.24757 0.2483 0.25126 0.25584 0.25493 0.2383 0.23748 0.23915 0.24734 0.2422 0.25378 0.2656 0.26672 0.22412 0.25901 0.25276 0.23343 0.24317 0.24089 0.24359 0.25807 0.24616 0.23684 0.24016 0.22728 0.24506 0.25163 0.23811 0.2038 0.23257 0.23557 0.2364 0.24549 0.23909 0.24444 0.24763 0.24788
0.22857 0.23205 0.22321 0.21752 0.23391 0.23956 0.23898 0.24749 0.23093 0.26383 0.26083 0.24919 0.24757 0 0.26227 0.25225 0.25068 0.24968 0.24032 0.23508 0.23657 0.244 0.24606 0.24195 0.26333 0.25167 0.22332 0.25014 0.24266 0.21977 0.24029 0.23759 0.24302 0.24988 0.24046 0.2399 0.23991 0.22937 0.23742 0.23985 0.23494 0.19945 0.22429 0.22272 0.23218 0.23993 0.23693 0.24975 0.24814 0.23904
0.22486 0.22358 0.22278 0.22132 0.23284 0.2375 0.24632 0.2588 0.24092 0.25577 0.27561 0.27529 0.2483 0.26227 0 0.7553 0.56661 0.4805 0.25798 0.25894 0.24251 0.25335 0.25937 0.26508 0.25914 0.26506 0.21492 0.22828 0.24012 0.25389 0.24249 0.24104 0.23937 0.25573 0.26417 0.26249 0.24965 0.2303 0.24759 0.2543 0.24763 0.24181 0.24081 0.24517 0.24311 0.25257 0.25168 0.25627 0.25372 0.2488
0.23448 0.22971 0.23242 0.23165 0.24581 0.24111 0.25227 0.26894 0.23305 0.2536 0.26981 0.28251 0.25126 0.25225 0.7553 0 0.79915 0.64934 0.25727 0.26149 0.24336 0.24969 0.26024 0.26745 0.27533 0.27415 0.22149 0.23857 0.23811 0.25458 0.25536 0.25056 0.25511 0.26787 0.26221 0.26465 0.25222 0.23299 0.2542 0.2573 0.24885 0.25022 0.25408 0.25429 0.25791 0.26168 0.26985 0.26286 0.25271 0.24591
0.24319 0.23516 0.23753 0.23637 0.25081 0.24823 0.25828 0.27347 0.22891 0.26218 0.27055 0.27602 0.25584 0.25068 0.56661 0.79915 0 0.79604 0.25103 0.26049 0.24825 0.25311 0.2552 0.27052 0.28818 0.2784 0.23212 0.25684 0.25188 0.23935 0.26291 0.26205 0.26826 0.28026 0.26206 0.25934 0.25092 0.23248 0.25964 0.2555 0.24868 0.23758 0.25588 0.26025 0.26297 0.26748 0.27895 0.27076 0.25854 0.24293
0.24383 0.23994 0.23833 0.23244 0.25224 0.25799 0.26076 0.27788 0.22783 0.26264 0.28067 0.28308 0.25493 0.24968 0.4805 0.64934 0.79604 0 0.25083 0.258 0.25514 0.26146 0.25251 0.2575 0.27589 0.26981 0.22722 0.25501 0.25242 0.2386 0.25951 0.25902 0.26748 0.28196 0.26295 0.25866 0.25289 0.23121 0.25186 0.25669 0.24544 0.22826 0.25907 0.26883 0.2676 0.26858 0.28775 0.27581 0.26931 0.25905
0.25483 0.25367 0.25317 0.25082 0.30297 0.3059 0.29875 0.29503 0.23338 0.25278 0.26147 0.26001 0.2383 0.24032 0.25798 0.25727 0.25103 0.25083 0 0.60735 0.40226 0.32501 0.58614 0.46422 0.3114 0.30854 0.23535 0.27116 0.26263 0.24534 0.28155 0.28454 0.28786 0.27681 0.27443 0.26651 0.25521 0.24314 0.27096 0.27745 0.26565 0.22785 0.38607 0.40461 0.43523 0.43111 0.36571 0.3146 0.29903 0.30038
0.25238 0.2479 0.24809 0.24945 0.29606 0.30189 0.29822 0.29929 0.23183 0.24758 0.2627 0.26507 0.23748 0.23508 0.25894 0.26149 0.26049 0.258 0.60735 0 0.5243 0.43947 0.58742 0.52075 0.34604 0.33686 0.23632 0.27148 0.26101 0.23209 0.27872 0.28416 0.28615 0.27525 0.27275 0.2713 0.25163 0.24209 0.27555 0.27662 0.26255 0.22392 0.32019 0.36382 0.43173 0.45124 0.31014 0.2854 0.27928 0.27665
0.24893 0.24596 0.24309 0.23995 0.26398 0.26408 0.26179 0.27095 0.22821 0.24989 0.25093 0.25033 0.23915 0.23657 0.24251 0.24336 0.24825 0.25514 0.40226 0.5243 0 0.65363 0.39599 0.33195 0.29537 0.28932 0.23431 0.25241 0.24361 0.2243 0.25719 0.25984 0.26727 0.26766 0.25111 0.24696 0.2412 0.23705 0.2657 0.25403 0.23952 0.20809 0.25964 0.26123 0.28227 0.29426 0.25695 0.25107 0.25732 0.25115
0.25337 0.24591 0.24501 0.24213 0.26348 0.26987 0.2623 0.27093 0.22496 0.2575 0.25935 0.25736 0.24734 0.244 0.25335 0.24969 0.25311 0.26146 0.32501 0.43947 0.65363 0 0.33063 0.28453 0.28871 0.28214 0.2354 0.26448 0.24724 0.22203 0.25856 0.25921 0.26621 0.27341 0.2575 0.25571 0.24926 0.24469 0.26508 0.25766 0.2484 0.20591 0.2497 0.25209 0.26349 0.27765 0.2644 0.2591 0.2648 0.25711
0.25581 0.25324 0.24996 0.24541 0.3124 0.31004 0.3062 0.30747 0.24292 0.2587 0.26897 0.26762 0.2422 0.24606 0.25937 0.26024 0.2552 0.25251 0.58614 0.58742 0.39599 0.33063 0 0.65459 0.42703 0.41416 0.2323 0.27228 0.25835 0.26344 0.27853 0.28087 0.28831 0.27943 0.29682 0.28576 0.26244 0.25069 0.27705 0.27389 0.26814 0.23317 0.33378 0.34422 0.38866 0.39143 0.32659 0.30554 0.30922 0.31677
0.24627 0.24457 0.24105 0.23987 0.30071 0.30085 0.29781 0.29765 0.2343 0.2564 0.27369 0.27315 0.25378 0.24195 0.26508 0.26745 0.27052 0.2575 0.46422 0.52075 0.33195 0.28453 0.65459 0 0.67273 0.57065 0.23412 0.26401 0.26485 0.25328 0.27189 0.27414 0.28233 0.27925 0.27907 0.27458 0.26604 0.25377 0.27083 0.27679 0.26343 0.23103 0.27788 0.28002 0.31995 0.33847 0.29099 0.30262 0.30041 0.30651
0.26139 0.25879 0.25127 0.24733 0.29162 0.29871 0.29203 0.3014 0.24915 0.27292 0.27416 0.2716 0.2656 0.26333 0.25914 0.27533 0.28818 0.27589 0.3114 0.34604 0.29537 0.28871 0.42703 0.67273 0 0.74133 0.2481 0.28909 0.29195 0.25706 0.29039 0.29227 0.29697 0.30039 0.27767 0.27496 0.27062 0.26084 0.27375 0.2799 0.27349 0.21819 0.26109 0.25945 0.26974 0.28361 0.28369 0.30426 0.29968 0.29369
0.26004 0.25091 0.24826 0.24494 0.27703 0.28024 0.29133 0.30151 0.24549 0.26873 0.26859 0.27034 0.26672 0.25167 0.26506 0.27415 0.2784 0.26981 0.30854 0.33686 0.28932 0.28214 0.41416 0.57065 0.74133 0 0.24362 0.26864 0.27202 0.25998 0.27538 0.27461 0.28653 0.29795 0.27602 0.27335 0.2696 0.26335 0.27092 0.27948 0.26804 0.22102 0.2596 0.25397 0.27185 0.276 0.26823 0.28835 0.28556 0.28601
0.23217 0.23262 0.23097 0.22713 0.23846 0.23916 0.24166 0.24055 0.2211 0.23421 0.23035 0.23282 0.22412 0.22332 0.21492 0.22149 0.23212 0.22722 0.23535 0.23632 0.23431 0.2354 0.2323 0.23412 0.2481 0.24362 0 0.28825 0.25973 0.24039 0.24692 0.24648 0.23884 0.23834 0.22723 0.22945 0.22392 0.22767 0.23601 0.22954 0.22421 0.18776 0.2242 0.21955 0.22875 0.23111 0.22311 0.23455 0.23827 0.2285
0.25927 0.2523 0.24806 0.24311 0.26175 0.26919 0.26172 0.26066 0.22701 0.26603 0.26749 0.2758 0.25901 0.25014 0.22828 0.23857 0.25684 0.25501 0.27116 0.27148 0.25241 0.26448 0.27228 0.26401 0.28909 0.26864 0.28825 0 0.59482 0.29518 0.27309 0.27302 0.26205 0.25959 0.25287 0.25503 0.24483 0.24108 0.25953 0.25881 0.24947 0.18261 0.26563 0.25431 0.26037 0.26358 0.25599 0.27124 0.26891 0.25383
0.26346 0.25573 0.24884 0.24371 0.2588 0.26941 0.27215 0.27425 0.22333 0.26408 0.26001 0.26294 0.25276 0.24266 0.24012 0.23811 0.25188 0.25242 0.26263 0.26101 0.24361 0.24724 0.25835 0.26485 0.29195 0.27202 0.25973 0.59482 0 0.56589 0.27204 0.26976 0.26664 0.25907 0.24231 0.24436 0.23717 0.23714 0.24556 0.25008 0.24355 0.19743 0.25301 0.24595 0.24745 0.25411 0.24962 0.27078 0.27307 0.25877
0.22883 0.22521 0.21884 0.21829 0.25044 0.25523 0.28591 0.30564 0.2243 0.23933 0.24625 0.24366 0.23343 0.21977 0.25389 0.25458 0.23935 0.2386 0.24534 0.23209 0.2243 0.22203 0.26344 0.25328 0.25706 0.25998 0.24039 0.29518 0.56589 0 0.25921 0.25488 0.26909 0.26626 0.23341 0.23039 0.22156 0.21436 0.22453 0.22672 0.22027 0.21381 0.23069 0.2288 0.22738 0.22459 0.25715 0.25266 0.25994 0.27557
0.2618 0.25561 0.25118 0.2511 0.32923 0.37906 0.47149 0.46686 0.22982 0.26063 0.26647 0.26389 0.24317 0.24029 0.24249 0.25536 0.26291 0.25951 0.28155 0.27872 0.25719 0.25856 0.27853 0.27189 0.29039 0.27538 0.24692 0.27309 0.27204 0.25921 0 0.9243 0.69312 0.4762 0.26061 0.26036 0.25803 0.25294 0.26027 0.25869 0.25527 0.21269 0.26941 0.26346 0.27369 0.27475 0.28246 0.2743 0.28018 0.27714
0.26357 0.25848 0.25366 0.254 0.3277 0.37749 0.47864 0.47574 0.22697 0.25987 0.26813 0.26328 0.24089 0.23759 0.24104 0.25056 0.26205 0.25902 0.28454 0.28416 0.25984 0.25921 0.28087 0.27414 0.29227 0.27461 0.24648 0.27302 0.26976 0.25488 0.9243 0 0.72026 0.49325 0.25888 0.26195 0.25742 0.25876 0.26363 0.26002 0.25998 0.21216 0.27308 0.26511 0.27779 0.27468 0.28329 0.2753 0.27796 0.27697
0.26953 0.25784 0.25212 0.25036 0.30562 0.34921 0.52392 0.60089 0.23584 0.26206 0.2699 0.2675 0.24359 0.24302 0.23937 0.25511 0.26826 0.26748 0.28786 0.28615 0.26727 0.26621 0.28831 0.28233 0.29697 0.28653 0.23884 0.26205 0.26664 0.26909 0.69312 0.72026 0 0.74943 0.26946 0.26126 0.25808 0.25481 0.27426 0.26828 0.26423 0.22794 0.27552 0.26746 0.27761 0.27526 0.28223 0.28125 0.2861 0.28878
0.26179 0.25089 0.2462 0.24595 0.27918 0.3066 0.48116 0.61967 0.23766 0.2712 0.27821 0.27713 0.25807 0.24988 0.25573 0.26787 0.28026 0.28196 0.27681 0.27525 0.26766 0.27341 0.27943 0.27925 0.30039 0.29795 0.23834 0.25959 0.25907 0.26626 0.4762 0.49325 0.74943 0 0.27828 0.27003 0.26232 0.25903 0.28094 0.2747 0.26869 0.22635 0.26217 0.25224 0.26931 0.27434 0.28377 0.28488 0.28542 0.28232
0.2508 0.24986 0.24877 0.24309 0.27123 0.26605 0.26697 0.2839 0.23631 0.25914 0.26034 0.26258 0.24616 0.24046 0.26417 0.26221 0.26206 0.26295 0.27443 0.27275 0.25111 0.2575 0.29682 0.27907 0.27767 0.27602 0.22723 0.25287 0.24231 0.23341 0.26061 0.25888 0.26946 0.27828 0 0.88492 0.78694 0.53982 0.27453 0.2677 0.25549 0.21577 0.2537 0.24975 0.25383 0.26146 0.25192 0.26288 0.26142 0.25289
0.24473 0.24598 0.24372 0.23943 0.26618 0.25942 0.26353 0.2716 0.22883 0.25223 0.25319 0.25865 0.23684 0.2399 0.26249 0.26465 0.25934 0.25866 0.26651 0.2713 0.24696 0.25571 0.28576 0.27458 0.27496 0.27335 0.22945 0.25503 0.24436 0.23039 0.26036 0.26195 0.26126 0.27003 0.88492 0 0.86412 0.62353 0.27235 0.26506 0.25107 0.21566 0.24811 0.24372 0.24787 0.24896 0.25588 0.26386 0.25929 0.25138
0.23638 0.23847 0.24101 0.23555 0.25948 0.25315 0.26067 0.26808 0.22576 0.24974 0.24931 0.25445 0.24016 0.23991 0.24965 0.25222 0.25092 0.25289 0.25521 0.25163 0.2412 0.24926 0.26244 0.26604 0.27062 0.2696 0.22392 0.24483 0.23717 0.22156 0.25803 0.25742 0.25808 0.26232 0.78694 0.86412 0 0.75125 0.26828 0.26183 0.24546 0.20816 0.2452 0.23641 0.24091 0.24202 0.2488 0.25176 0.24811 0.23829
0.23346 0.23292 0.22998 0.22564 0.24915 0.25209 0.26302 0.2702 0.21789 0.24087 0.23975 0.23726 0.22728 0.22937 0.2303 0.23299 0.23248 0.23121 0.24314 0.24209 0.23705 0.24469 0.25069 0.25377 0.26084 0.26335 0.22767 0.24108 0.23714 0.21436 0.25294 0.25876 0.25481 0.25903 0.53982 0.62353 0.75125 0 0.25328 0.25168 0.25132 0.21292 0.23278 0.22699 0.23551 0.23586 0.24063 0.24213 0.24592 0.24085
0.26069 0.25898 0.25465 0.25645 0.26211 0.26711 0.26537 0.28338 0.2335 0.26419 0.26416 0.26344 0.24506 0.23742 0.24759 0.2542 0.25964 0.25186 0.27096 0.27555 0.2657 0.26508 0.27705 0.27083 0.27375 0.27092 0.23601 0.25953 0.24556 0.22453 0.26027 0.26363 0.27426 0.28094 0.27453 0.27235 0.26828 0.25328 0 0.75585 0.52301 0.33721 0.25218 0.25036 0.26007 0.26755 0.26123 0.26523 0.2587 0.25306
0.27537 0.27268 0.26946 0.2715 0.27646 0.27953 0.27911 0.28979 0.23929 0.25849 0.2587 0.25261 0.25163 0.23985 0.2543 0.2573 0.2555 0.25669 0.27745 0.27662 0.25403 0.25766 0.27389 0.27679 0.2799 0.27948 0.22954 0.25881 0.25008 0.22672 0.25869 0.26002 0.26828 0.2747 0.2677 0.26506 0.26183 0.25168 0.75585 0 0.78636 0.49242 0.25475 0.25433 0.26084 0.26225 0.26476 0.26488 0.25968 0.25258
0.27415 0.2774 0.27488 0.27732 0.26821 0.26869 0.26885 0.27534 0.23028 0.25255 0.25049 0.24947 0.23811 0.23494 0.24763 0.24885 0.24868 0.24544 0.26565 0.26255 0.23952 0.2484 0.26814 0.26343 0.27349 0.26804 0.22421 0.24947 0.24355 0.22027 0.25527 0.25998 0.26423 0.26869 0.25549 0.25107 0.24546 0.25132 0.52301 0.78636 0 0.57529 0.25108 0.24222 0.24783 0.25667 0.26189 0.25639 0.25825 0.24816
0.2318 0.23219 0.23199 0.23786 0.22189 0.22036 0.24049 0.25864 0.19978 0.20509 0.2128 0.20944 0.2038 0.19945 0.24181 0.25022 0.23758 0.22826 0.22785 0.22392 0.20809 0.20591 0.23317 0.23103 0.21819 0.22102 0.18776 0.18261 0.19743 0.21381 0.21269 0.21216 0.22794 0.22635 0.21577 0.21566 0.20816 0.21292 0.33721 0.49242 0.57529 0 0.22591 0.21653 0.21759 0.20802 0.21537 0.20899 0.20744 0.21392
0.26797 0.25784 0.25003 0.25716 0.2867 0.28945 0.27711 0.27968 0.22394 0.25327 0.27907 0.28529 0.23257 0.22429 0.24081 0.25408 0.25588 0.25907 0.38607 0.32019 0.25964 0.2497 0.33378 0.27788 0.26109 0.2596 0.2242 0.26563 0.25301 0.23069 0.26941 0.27308 0.27552 0.26217 0.2537 0.24811 0.2452 0.23278 0.25218 0.25475 0.25108 0.22591 0 0.52937 0.50807 0.40855 0.43343 0.31469 0.28348 0.2702
0.25205 0.24228 0.23908 0.23966 0.29317 0.29213 0.28647 0.28197 0.22937 0.25332 0.27995 0.28187 0.23557 0.22272 0.24517 0.25429 0.26025 0.26883 0.40461 0.36382 0.26123 0.25209 0.34422 0.28002 0.25945 0.25397 0.21955 0.25431 0.24595 0.2288 0.26346 0.26511 0.26746 0.25224 0.24975 0.24372 0.23641 0.22699 0.25036 0.25433 0.24222 0.21653 0.52937 0 0.59157 0.51304 0.44735 0.32533 0.29262 0.28475
0.25926 0.25044 0.24799 0.2485 0.28993 0.29722 0.28902 0.28844 0.22906 0.26104 0.27663 0.28213 0.2364 0.23218 0.24311 0.25791 0.26297 0.2676 0.43523 0.43173 0.28227 0.26349 0.38866 0.31995 0.26974 0.27185 0.22875 0.26037 0.24745 0.22738 0.27369 0.27779 0.27761 0.26931 0.25383 0.24787 0.24091 0.23551 0.26007 0.26084 0.24783 0.21759 0.50807 0.59157 0 0.64308 0.44418 0.33228 0.29591 0.29615
0.25895 0.25316 0.25023 0.25034 0.27594 0.27996 0.27771 0.28652 0.23479 0.26067 0.27705 0.28684 0.24549 0.23993 0.25257 0.26168 0.26748 0.26858 0.43111 0.45124 0.29426 0.27765 0.39143 0.33847 0.28361 0.276 0.23111 0.26358 0.25411 0.22459 0.27475 0.27468 0.27526 0.27434 0.26146 0.24896 0.24202 0.23586 0.26755 0.26225 0.25667 0.20802 0.40855 0.51304 0.64308 0 0.36435 0.30256 0.28796 0.28227
0.26024 0.25601 0.24702 0.24959 0.29104 0.28765 0.28793 0.28815 0.22922 0.26238 0.26751 0.27761 0.23909 0.23693 0.25168 0.26985 0.27895 0.28775 0.36571 0.31014 0.25695 0.2644 0.32659 0.29099 0.28369 0.26823 0.22311 0.25599 0.24962 0.25715 0.28246 0.28329 0.28223 0.28377 0.25192 0.25588 0.2488 0.24063 0.26123 0.26476 0.26189 0.21537 0.43343 0.44735 0.44418 0.36435 0 0.62242 0.54423 0.46616
0.25373 0.2478 0.25015 0.24267 0.2764 0.2812 0.28457 0.29238 0.23543 0.25458 0.27162 0.27057 0.24444 0.24975 0.25627 0.26286 0.27076 0.27581 0.3146 0.2854 0.25107 0.2591 0.30554 0.30262 0.30426 0.28835 0.23455 0.27124 0.27078 0.25266 0.2743 0.2753 0.28125 0.28488 0.26288 0.26386 0.25176 0.24213 0.26523 0.26488 0.25639 0.20899 0.31469 0.32533 0.33228 0.30256 0.62242 0 0.78204 0.61558
0.24624 0.23999 0.2407 0.23376 0.27148 0.27647 0.28623 0.29735 0.23331 0.25558 0.26523 0.26128 0.24763 0.24814 0.25372 0.25271 0.25854 0.26931 0.29903 0.27928 0.25732 0.2648 0.30922 0.30041 0.29968 0.28556 0.23827 0.26891 0.27307 0.25994 0.28018 0.27796 0.2861 0.28542 0.26142 0.25929 0.24811 0.24592 0.2587 0.25968 0.25825 0.20744 0.28348 0.29262 0.29591 0.28796 0.54423 0.78204 0 0.78617
0.24049 0.2318 0.22924 0.22798 0.2686 0.27155 0.28859 0.30026 0.23357 0.25082 0.25722 0.25706 0.24788 0.23904 0.2488 0.24591 0.24293 0.25905 0.30038 0.27665 0.25115 0.25711 0.31677 0.30651 0.29369 0.28601 0.2285 0.25383 0.25877 0.27557 0.27714 0.27697 0.28878 0.28232 0.25289 0.25138 0.23829 0.24085 0.25306 0.25258 0.24816 0.21392 0.2702 0.28475 0.29615 0.28227 0.46616 0.61558 0.78617 0
